-16.514361268574678	39.38196451824054	-14.89373721402549
-16.317790690400763	39.53643136839413	-14.89373721402549
-16.120562882904782	39.6900581627704	-14.89373721402549
-15.922682115314165	39.842842984718615	-14.89373721402549
-15.7241526574265	39.994783941510484	-14.89373721402549
-15.524978779431542	40.14587916421607	-14.89373721402549
-15.325164751735764	40.29612680757859	-14.89373721402549
-15.124714844789365	40.445525049888126	-14.89373721402549
-14.923633328915793	40.594072092854276	-14.89373721402549
-14.721924474143773	40.74176616147776	-14.89373721402549
-14.519592550041803	40.88860550392111	-14.89373721402549
-14.31664182555517	41.03458839137834	-14.89373721402549
-14.113076568845429	41.17971311794379	-14.89373721402549
-13.908901047132392	41.32397800048008	-14.89373721402549
-13.704119526538587	41.467381378485236	-14.89373721402549
-13.498736271936187	41.60992161395903	-14.89373721402549
-13.292755546796425	41.751597091268614	-14.89373721402549
-13.086181613041472	41.892406217013374	-14.89373721402549
-12.879018730898771	42.032347419889184	-14.89373721402549
-12.67127115875783	42.171419150551976	-14.89373721402549
-12.462943153029459	42.30961988148072	-14.89373721402549
-12.254038968007437	42.44694810683984	-14.89373721402549
-12.04456285573264	42.58340234234111	-14.89373721402549
-11.834519065859547	42.71898112510504	-14.89373721402549
-11.623911845525202	42.853683013521795	-14.89373721402549
-11.412745439220545	42.98750658711172	-14.89373721402549
-11.201024088664164	43.120450446385405	-14.89373721402549
-10.988752032678413	43.25251321270348	-14.89373721402549
-10.775933507067904	43.38369352813597	-14.89373721402549
-10.562572744500372	43.513990055321464	-14.89373721402549
-10.348673974389873	43.643401477325924	-14.89373721402549
-10.13424142278234	43.771926497501305	-14.89373721402549
-9.919279312243441	43.89956383934397	-14.89373721402549
-9.703791861748769	44.02631224635292	-14.89373721402549
-9.487783286576326	44.15217048188787	-14.89373721402549
-9.271257798201287	44.27713732902723	-14.89373721402549
-9.05421960419305	44.401211590425966	-14.89373721402549
-8.836672908114528	44.52439208817346	-14.89373721402549
-8.618621909423705	44.646677663651246	-14.89373721402549
-8.400070803377409	44.76806717739086	-14.89373721402549
-8.181023780937302	44.8885595089316	-14.89373721402549
-7.961485028678077	45.008153556678394	-14.89373721402549
-7.741458728697834	45.126848237759745	-14.89373721402549
-7.520949058530629	45.24464248788576	-14.89373721402549
-7.299960191061175	45.361535261206306	-14.89373721402549
-7.078496294441685	45.477525530169316	-14.89373721402549
-6.856561532010829	45.59261228537929	-14.89373721402549
-6.634160062214809	45.706794535455955	-14.89373721402549
-6.411296038530508	45.82007130689319	-14.89373721402549
-6.187973609390724	45.93244164391817	-14.89373721402549
-5.964196918111453	46.043904608350765	-14.89373721402549
-5.739970102821211	46.154459279463275	-14.89373721402549
-5.515297296392377	46.264104753840435	-14.89373721402549
-5.290182626374542	46.37284014523975	-14.89373721402549
-5.064630214929843	46.48066458445221	-14.89373721402549
-4.838644178770262	46.587577219163364	-14.89373721402549
-4.612228629096882	46.693577213814784	-14.89373721402549
-4.385387671541071	46.798663749465945	-14.89373721402549
-4.158125406107585	46.90283602365653	-14.89373721402549
-3.930445927119562	47.00609325026922	-14.89373721402549
-3.7023533231654047	47.108434659392856	-14.89373721402549
-3.473851677047512	47.20985949718624	-14.89373721402549
-3.244945065732864	47.31036702574228	-14.89373721402549
-3.0156375603054215	47.4099565229528	-14.89373721402549
-2.785933225920338	47.50862728237374	-14.89373721402549
-2.5558361217599552	47.60637861309105	-14.89373721402549
-2.325350300991569	47.703209839587075	-14.89373721402549
-2.094479810726943	47.7991203016075	-14.89373721402549
-1.8632286919835586	47.89410935402899	-14.89373721402549
-1.6316009796475708	47.98817636672737	-14.89373721402549
-1.3996007024384656	48.08132072444644	-14.89373721402549
-1.167231882875388	48.173541826667474	-14.89373721402549
-0.9344985372451301	48.264839087479324	-14.89373721402549
-0.7014046755717559	48.35521193544924	-14.89373721402549
-0.46795430158784695	48.444659813494354	-14.89373721402549
-0.2341514127073487	48.53318217875384	-14.89373721402549
0.0	48.62077850246182	-14.89373721402549
0.2341514127073487	48.708374826169795	-14.89373721402549
0.46864726990081046	48.795044849586795	-14.89373721402549
0.7034835908475292	48.88078808467977	-14.89373721402549
0.9386564014135951	48.96560405705796	-14.89373721402549
1.174161734081269	49.04949230584817	-14.89373721402549
1.4099956279647332	49.13245238357091	-14.89373721402549
1.6461541288243882	49.21448385601728	-14.89373721402549
1.8826332890797124	49.295586302126736	-14.89373721402549
2.1194291678207047	49.37575931386561	-14.89373721402549
2.35653783081793	49.45500249610653	-14.89373721402549
2.5939553505311816	49.533315466508675	-14.89373721402549
2.8316778061167853	49.610697855398854	-14.89373721402549
3.0697012834335564	49.68714930565346	-14.89373721402549
3.3080218750474355	49.762669472581315	-14.89373721402549
3.546635680234815	49.83725802380735	-14.89373721402549
3.785538804984577	49.91091463915723	-14.89373721402549
4.024727361998862	49.98363901054278	-14.89373721402549
4.264197470692585	50.05543084184841	-14.89373721402549
4.503945257191711	50.126289848818374	-14.89373721402549
4.743966854330326	50.19621575894494	-14.89373721402549
4.984258401646492	50.26520831135752	-14.89373721402549
5.224816045376933	50.33326725671269	-14.89373721402549
5.465635938450553	50.40039235708513	-14.89373721402549
5.706714240480801	50.46658338585952	-14.89373721402549
5.948047117756917	50.531840127623354	-14.89373721402549
6.189630743234051	50.59616237806069	-14.89373721402549
6.431461296522302	50.659549943846876	-14.89373721402549
6.673534963874662	50.722002642544204	-14.89373721402549
6.915847938173909	50.7835203024985	-14.89373721402549
7.158396418918449	50.844102762736725	-14.89373721402549
7.401176612207132	50.90374987286547	-14.89373721402549
7.644184730723048	50.96246149297047	-14.89373721402549
7.88741699371634	51.02023749351708	-14.89373721402549
8.13086962698602	51.077077755251686	-14.89373721402549
8.374538862860831	51.13298216910413	-14.89373721402549
8.61842094017916	51.18795063609109	-14.89373721402549
8.862512104268014	51.24198306722044	-14.89373721402549
9.106808606921081	51.295079383396605	-14.89373721402549
9.35130670637589	51.347239515326905	-14.89373721402549
9.596002667290081	51.39846340342885	-14.89373721402549
9.84089276071681	51.44875099773846	-14.89373721402549
10.085973264079295	51.498102257819546	-14.89373721402549
10.331240461144514	51.54651715267403	-14.89373721402549
10.576690641996093	51.59399566065319	-14.89373721402549
10.822320103006366	51.640537769369956	-14.89373721402549
11.068125146807645	51.68614347561217	-14.89373721402549
11.314102082262714	51.73081278525685	-14.89373721402549
11.560247224434542	51.774545713185475	-14.89373721402549
11.806556894555255	51.81734228320021	-14.89373721402549
12.053027419994352	51.85920252794119	-14.89373721402549
12.299655134226217	51.900126488804794	-14.89373721402549
12.5464363767969	51.940114215862856	-14.89373721402549
12.793367493290207	51.979165767782966	-14.89373721402549
13.040444835293107	52.01728121174971	-14.89373721402549
13.287664760360462	52.054460623386944	-14.89373721402549
13.53502363197911	52.09070408668103	-14.89373721402549
13.782517819531284	52.1260116939051	-14.89373721402549
14.030143698257419	52.160383545544335	-14.89373721402549
14.277897649218326	52.193819750222204	-14.89373721402549
14.52577605925677	52.22632042462771	-14.89373721402549
14.773775320958446	52.25788569344367	-14.89373721402549
15.021891832612374	52.288515689275954	-14.89373721402549
15.270121998170737	52.31821055258374	-14.89373721402549
15.518462227208143	52.34697043161075	-14.89373721402549
15.766908934880366	52.374795482317495	-14.89373721402549
16.01545854188253	52.40168586831452	-14.89373721402549
16.264107474406796	52.42764176079663	-14.89373721402549
16.51285216409952	52.45266333847811	-14.89373721402549
16.76168904801793	52.47675078752893	-14.89373721402549
17.01061456858631	52.49990430151197	-14.89373721402549
17.2596251735517	52.522124081321195	-14.89373721402549
17.508717315939165	52.543410335120846	-14.89373721402549
17.757887454006575	52.56376327828561	-14.89373721402549
18.007132051198965	52.58318313334177	-14.89373721402549
18.256447576102474	52.60167012990932	-14.89373721402549
18.50583050239783	52.619224504645125	-14.89373721402549
18.755277308813472	52.63584650118698	-14.89373721402549
19.00478447907824	52.651536370098725	-14.89373721402549
19.2543485018737	52.66629436881627	-14.89373721402549
19.50396587078608	52.68012076159462	-14.89373721402549
19.75363308425784	52.69301581945594	-14.89373721402549
20.003346645538898	52.70497982013844	-14.89373721402549
20.2531030626375	52.716013048046406	-14.89373721402549
20.502898848270753	52.72611579420107	-14.89373721402549
20.752730519814843	52.7352883561925	-14.89373721402549
21.00259459925492	52.74353103813245	-14.89373721402549
21.252487613134694	52.750844150608195	-14.89373721402549
21.502406092505726	52.75722801063725	-14.89373721402549
21.752346572876434	52.76268294162315	-14.89373721402549
22.002305594160806	52.767209273312105	-14.89373721402549
22.25227970062688	52.77080734175068	-14.89373721402549
22.50226544084492	52.77347748924436	-14.89373721402549
22.752259367635382	52.7752200643171	-14.89373721402549
23.002258038016613	52.77603542167183	-14.89373721402549
23.252258013152325	52.775923922151904	-14.89373721402549
23.50225585829885	52.77488593270349	-14.89373721402549
23.752248142752165	52.77292182633888	-14.89373721402549
24.00223143979475	52.77003198210079	-14.89373721402549
24.25220232664218	52.76621678502755	-14.89373721402549
24.502157384389616	52.76147662611928	-14.89373721402549
24.752093197958033	52.75581190230494	-14.89373721402549
25.002006356040333	52.749223016410376	-14.89373721402549
25.251893451047263	52.74171037712724	-14.89373721402549
25.50175107905319	52.73327439898289	-14.89373721402549
25.751575839741733	52.72391550231117	-14.89373721402549
26.001364336351248	52.71363411322416	-14.89373721402549
26.25111317562018	52.702430663584785	-14.89373721402549
26.500818967732297	52.69030559098043	-14.89373721402549
26.75047832626181	52.67725933869738	-14.89373721402549
27.00008786811838	52.66329235569627	-14.89373721402549
27.249644213492033	52.648405096588355	-14.89373721402549
27.49914398579797	52.63259802161276	-14.89373721402549
27.74858381162132	52.61587159661461	-14.89373721402549
27.997960320661765	52.59822629302409	-14.89373721402549
28.247270145678154	52.579662587836374	-14.89373721402549
28.49650992243303	52.560180963592494	-14.89373721402549
28.745676289637085	52.53978190836108	-14.89373721402549
28.994765888893596	52.51846591572102	-14.89373721402549
29.24377536464281	52.49623348474505	-14.89373721402549
29.492701364106296	52.47308511998413	-14.89373721402549
29.74154053723127	52.44902133145284	-14.89373721402549
29.99028953663491	52.42404263461561	-14.89373721402549
30.23894501754866	52.398149550373816	-14.89373721402549
30.487503637762504	52.37134260505381	-14.89373721402549
30.735962057569292	52.34362233039583	-14.89373721402549
30.984316939709032	52.314989263543744	-14.89373721402549
31.232564949313222	52.28544394703575	-14.89373721402549
31.480702753849204	52.2549869287959	-14.89373721402549
31.728727023064543	52.22361876212653	-14.89373721402549
31.976634428931444	52.19134000570155	-14.89373721402549
32.22442164559123	52.15815122356062	-14.89373721402549
32.47208534929884	52.12405298510422	-14.89373721402549
32.71962221836742	52.08904586508953	-14.89373721402549
32.96702893311297	52.053130443627246	-14.89373721402549
33.21430217579904	52.01630730617922	-14.89373721402549
33.46143863058153	51.97857704355699	-14.89373721402549
33.70843498345357	51.93994025192116	-14.89373721402549
33.95528792219049	51.90039753278165	-14.89373721402549
34.20199413629489	51.85994949299883	-14.89373721402549
34.44855031694182	51.81859674478543	-14.89373721402549
34.69495315692404	51.77633990570943	-14.89373721402549
34.94119935059748	51.7331795986977	-14.89373721402549
35.1872855938267	51.68911645204059	-14.89373721402549
35.433208583930636	51.644151099397234	-14.89373721402549
35.67896501962833	51.59828417980189	-14.89373721402549
35.92455160098492	51.55151633767095	-14.89373721402549
36.169965029357726	51.503848222810944	-14.89373721402549
36.415202007342515	51.4552804904273	-14.89373721402549
36.66025923871992	51.40581380113397	-14.89373721402549
36.905133428402024	51.35544882096391	-14.89373721402549
