-28.811665864047242	28.508552144595775	0.0
-28.666050751198544	28.71176690515726	0.0
-28.51953386039689	28.914332451857128	0.0
-28.372118810072983	29.116245311620936	0.0
-28.223809234215253	29.31750203749339	0.0
-28.074608782089808	29.518099208673753	0.0
-27.924521117961003	29.718033430547745	0.0
-27.773549920812677	29.917301334715983	0.0
-27.62169888407013	30.115899579018933	0.0
-27.468971715322883	30.313824847558475	0.0
-27.31537213604825	30.51107385071605	0.0
-27.16090388133582	30.70764332516744	0.0
-27.005570699612843	30.903530033894235	0.0
-26.849376352370626	31.098730766191984	0.0
-26.69232461389192	31.29324233767506	0.0
-26.534419270979413	31.487061590278312	0.0
-26.375664122685322	31.680185392255492	0.0
-26.216062980042164	31.872610638174518	0.0
-26.05561966579472	32.064334248909596	0.0
-25.894338014133268	32.25535317163023	0.0
-25.7322218704281	32.4456643797872	0.0
-25.569275090965366	32.63526487309543	0.0
-25.405501542684327	32.824151677513946	0.0
-25.240905102915985	33.01232184522282	0.0
-25.075489659123193	33.199772454597216	0.0
-24.909259108642242	33.38650061017853	0.0
-24.742217358425993	33.5725034426427	0.0
-24.57436832478857	33.75777810876568	0.0
-24.405715933151633	33.94232179138619	0.0
-24.23626411779233	34.1261316993657	0.0
-24.066016821592868	34.309205067545705	0.0
-23.89497799579182	34.49153915670239	0.0
-23.723151599737147	34.673131253498646	0.0
-23.550541600640987	34.85397867043354	0.0
-23.377151973336247	35.03407874578922	0.0
-23.202986700034995	35.213428843575365	0.0
-23.028049770088714	35.39202635347114	0.0
-22.85234517975044	35.569868690764764	0.0
-22.675876931938785	35.74695329629072	0.0
-22.498649036003897	35.92327763636461	0.0
-22.320665507495377	36.09883920271572	0.0
-22.141930367932158	36.27363551241738	0.0
-21.962447644574393	36.44766410781503	0.0
-21.782221370197355	36.620922556452236	0.0
-21.601255582867385	36.7934084509945	0.0
-21.4195543257199	36.965119409151	0.0
-21.23712164673947	37.136053073594326	0.0
-21.053961598542006	37.30620711187818	0.0
-20.87007823815906	37.47557921635313	0.0
-20.685475626824246	37.64416710408047	0.0
-20.50015782976183	37.81196851674417	0.0
-20.314128915977463	37.978981220561	0.0
-20.127392958051107	38.1452030061889	0.0
-19.93995403193214	38.310631688633535	0.0
-19.751816216736664	38.475265107153206	0.0
-19.562983594547045	38.63910112516205	0.0
-19.37346025021366	38.80213763013161	0.0
-19.183250271158883	38.964372533490845	0.0
-18.99235774718333	39.125803770524584	0.0
-18.800786770274353	39.28642930027045	0.0
-18.608541434416782	39.446247105414336	0.0
-18.41562583540597	39.60525519218447	0.0
-18.222044070663074	39.76345159024406	0.0
-18.027800239052667	39.920834352582595	0.0
-17.83289844070259	40.07740155540587	0.0
-17.63734277682613	40.233151298024715	0.0
-17.441137349546487	40.38808170274249	0.0
-17.244286261723538	40.54219091474139	0.0
-17.0467936167829	40.695477101967604	0.0
-16.848663518547312	40.847938455015374	0.0
-16.649900071070313	40.99957318700992	0.0
-16.450507378472228	41.15037953348939	0.0
-16.250489544778464	41.30035575228575	0.0
-16.049850673760112	41.44950012340475	0.0
-15.848594868776855	41.59781094890492	0.0
-15.646726232622184	41.74528655277571	0.0
-15.444248867370906	41.891925280814725	0.0
-15.241166874228963	42.03772550050419	0.0
-15.037484353385548	42.18268560088658	0.0
-14.833205403867503	42.32680399243951	0.0
-14.628334123396014	42.470079106949925	0.0
-14.422874608245587	42.61250939738757	0.0
-14.216830953105308	42.75409333777783	0.0
-14.010207250942365	42.89482942307396	0.0
-13.803007592867846	43.034716169028684	0.0
-13.595236068004802	43.173752112065316	0.0
-13.386896763358543	43.31193580914827	0.0
-13.177993763689202	43.44926583765315	0.0
-12.968531151386527	43.58574079523636	0.0
-12.758513006346899	43.721359299704275	0.0
-12.54794340585258	43.85611998888203	0.0
-12.336826424453164	43.990021520481925	0.0
-12.125166133849236	44.12306257197153	0.0
-11.91296660277822	44.25524184044144	0.0
-11.70023189690241	44.38655804247277	0.0
-11.486966078699183	44.51700991400441	0.0
-11.273173207353349	44.64659621020005	0.0
-11.058857338651672	44.775315705314995	0.0
-10.844022524879525	44.90316719256285	0.0
-10.628672814719666	45.03014948398202	0.0
-10.412812253153128	45.15626141030217	0.0
-10.196444881362215	45.28150182081049	0.0
-9.97957473663559	45.405869583218006	0.0
-9.762205852275429	45.52936358352579	0.0
-9.544342257506651	45.651982725891195	0.0
-9.325987977388184	45.77372593249405	0.0
-9.107147032726278	45.894592143402996	0.0
-8.887823439989834	46.01458031644175	0.0
-8.668021211227746	46.133689427055586	0.0
-8.44774435398823	46.25191846817782	0.0
-8.226996871240143	46.36926645009648	0.0
-8.005782761296249	46.48573240032113	0.0
-7.784106017738454	46.60131536344984	0.0
-7.561970629344967	46.71601440103637	0.0
-7.339380580019376	46.829828591457556	0.0
-7.116339848721635	46.942757029780985	0.0
-6.892852409400938	47.05479882763285	0.0
-6.668922230930463	47.165953113066124	0.0
-6.444553277043981	47.27621903042904	0.0
-6.219749506274292	47.38559574023387	0.0
-5.994514871893502	47.49408241902602	0.0
-5.768853321855099	47.60167825925354	0.0
-5.542768798737827	47.708382469136914	0.0
-5.316265239691331	47.814194272539325	0.0
-5.089346576383572	47.91911290883726	0.0
-4.8620167349499726	48.023137632791595	0.0
-4.634279635944301	48.12626771441903	0.0
-4.406139194291261	48.22850243886408	0.0
-4.177599319240773	48.32984110627148	0.0
-3.9486639143239404	48.430283031659066	0.0
-3.719336877310666	48.529827544791196	0.0
-3.4896221001689205	48.62847399005263	0.0
-3.259523469025632	48.72622172632302	0.0
-3.029044864129188	48.82307012685183	0.0
-2.7981901598135313	48.91901857913393	0.0
-2.566963224463827	49.01406648478568	0.0
-2.335367920483694	49.10821325942162	0.0
-2.103408104263975	49.20145833253175	0.0
-1.871087626153034	49.29380114735945	0.0
-1.6384103304285575	49.38524116077997	0.0
-1.4053800552708526	49.47577784317956	0.0
-1.1720006327376156	49.565410678335276	0.0
-0.9382758887401582	49.654139163295426	0.0
-0.7042096430210754	49.74196280826063	0.0
-0.4698057091333355	49.82888113646563	0.0
-0.2350678944207779	49.914893684061745	0.0
0.0	50.0	0.0
0.2350678944207779	50.085106315938255	0.0
0.4704619723203386	50.16930624521267	0.0
0.7061784434465307	50.25259937361961	0.0
0.9422135239850817	50.33498529933001	0.0
1.1785634365702462	50.41646363277507	0.0
1.4152244102941656	50.49703399653276	0.0
1.6521926807149552	50.57669602521506	0.0
1.8894644898635373	50.65544936535603	0.0
2.1270360862492343	50.73329367530063	0.0
2.364903724864141	50.81022862509439	0.0
2.6030636671862917	50.886253896373816	0.0
2.8415121811816353	50.96136918225766	0.0
3.0802455413048437	51.035574187239014	0.0
3.319260028498958	51.10886862707816	0.0
3.5585519301938993	51.18125222869634	0.0
3.798117540303851	51.25272473007027	0.0
4.037953159223538	51.323285880127585	0.0
4.278055093823411	51.39293543864304	0.0
4.518419657443755	51.46167317613565	0.0
4.759043169887736	51.52949887376657	0.0
4.999921957413408	51.59641232323798	0.0
5.241052352724682	51.662413326692686	0.0
5.482430694961294	51.7275016966147	0.0
5.724053329687758	51.791677255730626	0.0
5.965916608881349	51.854939836911946	0.0
6.208016890919114	51.91728928307817	0.0
6.450350540563927	51.97872544710088	0.0
6.692913928949605	52.03924819170866	0.0
6.9357034335651075	52.0988573893929	0.0
7.178715438237819	52.157552922314494	0.0
7.42194633311594	52.21533468221144	0.0
7.665392514650002	52.272202570307314	0.0
7.90905038557351	52.328156497220654	0.0
8.152916354882734	52.38319638287526	0.0
8.396986837815673	52.43732215641137	0.0
8.641258255830182	52.490533756097726	0.0
8.885727036581297	52.5428311292446	0.0
9.130389613897764	52.59421423211766	0.0
9.375242427757783	52.6446830298528	0.0
9.620281924263985	52.69423749637184	0.0
9.865504555617655	52.74287761429915	0.0
10.110906780092206	52.790603374879176	0.0
10.356485062005934	52.83741477789491	0.0
10.60223587169405	52.883311831587214	0.0
10.848155685480014	52.92829455257514	0.0
11.094240985646167	52.97236296577705	0.0
11.340488260403703	53.01551710433278	0.0
11.58689400386196	53.057757009526604	0.0
11.833454715997071	53.099082730711196	0.0
12.080166902619965	53.139494325232455	0.0
12.32702707534374	53.17899185835527	0.0
12.57403175155043	53.21757540319018	0.0
12.821177454357159	53.25524504062099	0.0
13.068460712581697	53.29200085923324	0.0
13.315878060707453	53.32784295524363	0.0
13.563426038847885	53.36277143243037	0.0
13.811101192710352	53.396786402064386	0.0
14.05890007355943	53.42988798284151	0.0
14.306819238179685	53.462076300815504	0.0
14.55485524883792	53.493351489332085	0.0
14.803004673244919	53.52371368896378	0.0
15.05126408451668	53.553163047445736	0.0
15.29963006113516	53.581699719612416	0.0
15.548099186908543	53.60932386733522	0.0
15.796668050931029	53.636035659460994	0.0
16.045333247542178	53.661835271751464	0.0
16.294091376285788	53.68672288682356	0.0
16.54293904186835	53.71069869409065	0.0
16.791872854117067	53.73376288970467	0.0
17.040889427937444	53.75591567649915	0.0
17.28998538327049	53.777157263933155	0.0
17.539157345049517	53.797487868036114	0.0
17.78840194315653	53.816907711353544	0.0
18.03771581237826	53.83541702289367	0.0
18.28709559236182	53.85301603807494	0.0
18.53653792757	53.869704998674415	0.0
18.7860394672362	53.885484152777074	0.0
19.035596865319047	53.90035375472601	0.0
19.28520678045665	53.91431406507347	0.0
19.534865875920563	53.92736535053283	0.0
19.78457081956939	53.93950788393142	0.0
20.034318283802133	53.95074194416424	0.0
20.284104945511206	53.961067816148585	0.0
20.53392748603518	53.97048579077947	0.0
20.783782591111233	53.97899616488602	0.0
21.033666950827353	53.98659924118868	0.0
21.28357725957425	53.99329532825731	0.0
21.533510215997026	53.99908474047017	0.0
21.783462522946607	54.00396779797372	0.0
22.033430887430917	54.00794482664337	0.0
22.283412020565844	54.011016158044995	0.0
22.533402637525963	54.0131821293974	0.0
22.78339945749506	54.014443083535596	0.0
23.033399203616447	54.014799368874954	0.0
23.283398602943063	54.0142513393762	0.0
23.533394386387407	54.012799354511294	0.0
23.783383288671278	54.010443779230116	0.0
24.03336204827533	54.00718498392805	0.0
24.283327407388462	54.00302334441439	0.0
24.533276111857074	53.997959241881595	0.0
24.78320491113412	53.991993062875416	0.0
25.03311055822806	53.98512519926581	0.0
25.28298980965164	53.97735604821875	0.0
25.53283942537056	53.96868601216885	0.0
25.782656168752023	53.959115498792826	0.0
26.03243680651313	53.94864492098379	0.0
26.2821781086692	53.937274696826385	0.0
26.531876848481982	53.92500524957278	0.0
26.781529802407743	53.9118370076194	0.0
27.031133750045292	53.8977704044846	0.0
27.280685474083917	53.88280587878711	0.0
27.530181760251228	53.866943874225264	0.0
27.779619397260948	53.85018483955713	0.0
28.02899517676063	53.8325292285814	0.0
28.27830589327932	53.81397750011913	0.0
28.527548344175166	53.79453011799628	0.0
28.776719329582985	53.77418755102708	0.0
29.025815652361793	53.752950272998184	0.0
29.274834118042293	53.73081876265367	0.0
29.523771534774355	53.70779350368081	0.0
29.772624713274464	53.68387498469669	0.0
30.02139046677315	53.65906369923561	0.0
30.270065610962426	53.633360145737264	0.0
30.51864696394322	53.60676482753577	0.0
30.767131346172796	53.57927825284948	0.0
31.01551558041222	53.550900934771555	0.0
31.2637964916738	53.5216333912614	0.0
31.511970907168596	53.49147614513685	0.0
31.760035656253915	53.46042972406714	0.0
32.00798757038088	53.42849466056671	0.0
32.25582348304199	53.39567149198977	0.0
32.50354022971882	53.36196076052565	0.0
32.75113464782965	53.327363013194926	0.0
32.99860357667724	53.291878801846394	0.0
33.24594385739665	53.25550868315476	0.0
33.493152332903115	53.21825321861912	0.0
33.74022584784003	53.18011297456226	0.0
33.98716124852697	53.14108852213071	0.0
34.23395538290781	53.10118043729553	0.0
34.480605100498984	53.06038930085399	0.0
34.727107252337795	53.01871569843189	0.0
34.97345869093083	52.976160220486754	0.0
35.219656270202535	52.93272346231173	0.0
35.46569684544381	52.88840602404029	0.0
35.71157727326085	52.84320851065173	0.0
35.95729441152402	52.79713153197735	0.0
36.20284511931689	52.75017570270749	0.0
36.448226256885434	52.70234164239928	0.0
36.69343468558733	52.65362997548519	0.0
36.93846726784143	52.60404133128227	0.0
37.18332086707744	52.55357634400225	0.0
37.42799234768564	52.502235652762344	0.0
37.67247857496688	52.4500199015968	0.0
37.91677641508273	52.39692973946922	0.0
38.160882735005735	52.34296582028569	0.0
38.40479440246997	52.28812880290858	0.0
38.64850828592168	52.23241935117114	0.0
38.89202125447019	52.17583813389285	0.0
39.13533017783897	52.11838582489553	0.0
39.37843192631695	52.06006310302017	0.0
39.62132337070998	52.00087065214453	0.0
39.86400138229261	51.94080916120148	0.0
40.10646283275998	51.87987932419812	0.0
40.348704594180056	51.81808184023559	0.0
40.590723538945994	51.75541741352967	0.0
40.83251653972883	51.691886753432094	0.0
41.074080469430356	51.62749057445264	0.0
41.315412201136326	51.562229596281924	0.0
41.55650860806983	51.49610454381497	0.0
41.79736656354498	51.42911614717551	0.0
42.037982940920934	51.361265141740994	0.0
42.27835461355603	51.29255226816838	0.0
42.51847845476239	51.22297827242065	0.0
42.75835133776067	51.15254390579404	0.0
42.99797013563522	51.081249924946036	0.0
43.23733172128944	51.009097091924076	0.0
43.47643296740154	50.936086174195005	0.0
43.71527074638054	50.862217944675265	0.0
43.95384193032262	50.787493181761796	0.0
44.19214339096783	50.71191266936369	0.0
44.43017199965707	50.63547719693456	0.0
44.66792462728946	50.55818755950564	0.0
44.90539814428003	50.480044557719616	0.0
45.142589420517766	50.401048997865196	0.0
45.37949532532403	50.321201691912364	0.0
45.61611272741133	50.24050345754843	0.0
45.85243849484246	50.15895511821471	0.0
46.088469494990036	50.076557503144045	0.0
46.3242025944964	49.99331144739891	0.0
46.55963465923392	49.90921779191036	0.0
46.7947625542657	49.82427738351763	0.0
47.02958314380668	49.73849107500849	0.0
47.264093291185155	49.65185972516026	0.0
47.49828985880471	49.564384198781624	0.0
47.732169708106596	49.47606536675511	0.0
47.96572969953251	49.386904106080266	0.0
48.19896669248785	49.29690129991762	0.0
48.43187754530539	49.206057837633274	0.0
48.66445911520942	49.114374614844266	0.0
48.89670825828034	49.02185253346462	0.0
49.12862182941976	48.92849250175209	0.0
